Accessing Elements for int type.
N   total time    time per operation   Log(N)
0        294         inf       inf
50        692         13.84       3.79077
100        87         0.87       -0.200913
150        128         0.853333       -0.228819
200        185         0.925       -0.112475
250        222         0.888       -0.171368
300        244         0.813333       -0.298081
350        284         0.811429       -0.301464
400        324         0.81       -0.304006
450        473         1.05111       0.0719152
500        411         0.822       -0.28279
550        444         0.807273       -0.308872
600        720         1.2       0.263034
650        523         0.804615       -0.313629
700        564         0.805714       -0.31166
750        603         0.804       -0.314733
800        643         0.80375       -0.315181
850        694         0.816471       -0.292527
900        723         0.803333       -0.315929
950        763         0.803158       -0.316244
1000        803         0.803       -0.316528
1050        850         0.809524       -0.304855
1100        892         0.810909       -0.302388
1150        922         0.801739       -0.318795
1200        963         0.8025       -0.317427
1250        1002         0.8016       -0.319046
1300        1053         0.81       -0.304006
1350        1654         1.22519       0.293
1400        1166         0.832857       -0.263859
1450        1417         0.977241       -0.0332131
1500        1223         0.815333       -0.294538
1550        1255         0.809677       -0.304581
1600        1282         0.80125       -0.319676
1650        1321         0.800606       -0.320836
1700        1378         0.810588       -0.302959
1750        1402         0.801143       -0.319869
1800        1442         0.801111       -0.319926
1850        1490         0.805405       -0.312213
1900        1522         0.801053       -0.320031
1950        1666         0.854359       -0.227086
2000        1601         0.8005       -0.321027
2050        1643         0.801463       -0.319291
2100        2287         1.08905       0.123067
2150        1977         0.919535       -0.121024
2200        1762         0.800909       -0.32029
2250        2037         0.905333       -0.143479
2300        1855         0.806522       -0.310215
2350        1989         0.846383       -0.240617
2400        1932         0.805       -0.312939
2450        1980         0.808163       -0.307281
2500        2011         0.8044       -0.314015
2550        2067         0.810588       -0.302959
2600        2091         0.804231       -0.314319
2650        2141         0.807925       -0.307708
2700        2179         0.807037       -0.309293
2750        3562         1.29527       0.373256
2800        2252         0.804286       -0.31422
2850        2288         0.802807       -0.316875
2900        2332         0.804138       -0.314485
2950        2370         0.80339       -0.315828
3000        2408         0.802667       -0.317127
3050        2451         0.803607       -0.315439
3100        2491         0.803548       -0.315543
3150        2527         0.802222       -0.317926
3200        2571         0.803438       -0.315742
3250        2611         0.803385       -0.315837
3300        2647         0.802121       -0.318108
3350        2691         0.803284       -0.316019
3400        2730         0.802941       -0.316634
3450        2768         0.802319       -0.317752
3500        2810         0.802857       -0.316785
3550        2858         0.80507       -0.312813
3600        2890         0.802778       -0.316927
3650        2918         0.799452       -0.322917
3700        3004         0.811892       -0.30064
3750        3012         0.8032       -0.316169
3800        3058         0.804737       -0.313411
3850        3081         0.80026       -0.32146
3900        5052         1.29538       0.373381
3950        3198         0.80962       -0.304683
4000        3200         0.8       -0.321928
4050        3848         0.950123       -0.0738131
4100        3299         0.804634       -0.313595
4150        3337         0.804096       -0.31456
4200        3373         0.803095       -0.316357
4250        3415         0.803529       -0.315577
4300        3454         0.803256       -0.316069
4350        3513         0.807586       -0.308312
4400        3533         0.802955       -0.31661
4450        3566         0.801348       -0.319499
4500        3609         0.802       -0.318326
4550        3657         0.803736       -0.315206
4600        3690         0.802174       -0.318013
4650        3737         0.803656       -0.31535
4700        3770         0.802128       -0.318096
4750        3814         0.802947       -0.316623
4800        3849         0.801875       -0.318551
4850        3893         0.80268       -0.317102
4900        3928         0.801633       -0.318987
4950        3974         0.802828       -0.316837
5000        4008         0.8016       -0.319046
5050        4056         0.803168       -0.316226
5100        4097         0.803333       -0.315929
5150        4128         0.801553       -0.319129
5200        4176         0.803077       -0.31639
5250        4209         0.801714       -0.31884
5300        4263         0.80434       -0.314123
5350        4521         0.845047       -0.242897
5400        4616         0.854815       -0.226316
5450        4376         0.802936       -0.316643
5500        4412         0.802182       -0.317999
5550        4455         0.802703       -0.317062
5600        4518         0.806786       -0.309743
5650        4535         0.802655       -0.317148
5700        4576         0.802807       -0.316875
5750        4609         0.801565       -0.319108
5800        4656         0.802759       -0.316962
5850        4696         0.802735       -0.317004
5900        4728         0.801356       -0.319485
5950        4788         0.804706       -0.313467
6000        4816         0.802667       -0.317127
6050        4847         0.801157       -0.319843
6100        4895         0.802459       -0.3175
6150        6790         1.10407       0.142825
6200        4973         0.802097       -0.318152
6250        8299         1.32784       0.409081
6300        10035         1.59286       0.671617
6350        6276         0.988346       -0.0169112
6400        7173         1.12078       0.164505
6450        6245         0.968217       -0.0465976
6500        6662         1.02492       0.0355156
6550        6669         1.01817       0.0259755
6600        5806         0.879697       -0.184921
6650        5559         0.83594       -0.258529
6700        5440         0.81194       -0.300554
6750        5458         0.808593       -0.306515
6800        6085         0.894853       -0.160277
6850        6914         1.00934       0.0134166
6900        9283         1.34536       0.427995
6950        5845         0.841007       -0.24981
7000        7072         1.01029       0.0147634
7050        6947         0.98539       -0.0212332
7100        8607         1.21225       0.277691
7150        7535         1.05385       0.0756643
7200        11960         1.66111       0.732149
7250        5881         0.811172       -0.30192
7300        5861         0.802877       -0.31675
7350        5941         0.808299       -0.307038
7400        5942         0.802973       -0.316577
7450        5983         0.803087       -0.316371
7500        6165         0.822       -0.28279
7550        6067         0.803576       -0.315493
7600        6099         0.8025       -0.317427
7650        6151         0.804052       -0.314639
7700        6224         0.808312       -0.307016
7750        6916         0.892387       -0.164258
7800        6458         0.827949       -0.272387
7850        8530         1.08662       0.119853
7900        9037         1.14392       0.193991
7950        6589         0.828805       -0.270895
8000        8869         1.10862       0.148771
8050        6038         0.750062       -0.414918
8100        6152         0.759506       -0.396866
8150        5970         0.732515       -0.449069
8200        6037         0.73622       -0.441792
8250        6045         0.732727       -0.448652
8300        6033         0.726867       -0.460236
8350        6411         0.767784       -0.381227
8400        6073         0.722976       -0.46798
8450        7317         0.865917       -0.207699
8500        16194         1.90518       0.929925
8550        20826         2.43579       1.28439
8600        7754         0.901628       -0.149396
8650        7227         0.835491       -0.259303
8700        6993         0.803793       -0.315104
8750        6366         0.727543       -0.458896
8800        6437         0.731477       -0.451115
8850        6431         0.726667       -0.460634
8900        6431         0.722584       -0.468762
8950        6464         0.722235       -0.46946
9000        6501         0.722333       -0.469263
9050        6537         0.72232       -0.469289
9100        6589         0.724066       -0.465807
9150        6708         0.733115       -0.447889
9200        6809         0.740109       -0.434191
9250        8514         0.920432       -0.119616
9300        6764         0.727312       -0.459354
9350        6757         0.722674       -0.468584
9400        6790         0.72234       -0.469249
9450        6827         0.722434       -0.469063
9500        6863         0.722421       -0.469088
9550        6931         0.725759       -0.462437
9600        6938         0.722708       -0.468515
9650        7022         0.727668       -0.458647
9700        7006         0.722268       -0.469394
9750        7150         0.733333       -0.447459
9800        7076         0.722041       -0.469848
9850        7114         0.722234       -0.469463
9900        7277         0.735051       -0.444085
9950        7237         0.727337       -0.459305
10000        7278         0.7278       -0.458386
10050        7311         0.727463       -0.459055
10100        7298         0.722574       -0.468782
10150        7334         0.722562       -0.468808
10200        7363         0.721863       -0.470204
10250        7469         0.728683       -0.456637
10300        7446         0.722913       -0.468107
10350        7474         0.722126       -0.469678
10400        7511         0.722212       -0.469507
10450        7547         0.722201       -0.469528
10500        7579         0.72181       -0.47031
10550        9691         0.918578       -0.122526
10600        7905         0.745755       -0.423227
10650        7768         0.72939       -0.455238
10700        7829         0.731682       -0.450711
10750        7820         0.727442       -0.459096
10800        7903         0.731759       -0.450559
10850        7887         0.726912       -0.460146
10900        7931         0.727615       -0.458753
10950        7934         0.724566       -0.464811
11000        7942         0.722       -0.469929
11050        8004         0.724344       -0.465253
11100        8008         0.721441       -0.471046
11150        8048         0.721794       -0.470341
11200        8269         0.738304       -0.437714
11250        8259         0.734133       -0.445886
11300        8442         0.74708       -0.420666
11350        8254         0.727225       -0.459527
11400        8345         0.732018       -0.45005
11450        8265         0.721834       -0.470261
11500        8307         0.722348       -0.469234
11550        8365         0.724242       -0.465455
11600        8378         0.722241       -0.469447
11650        8406         0.721545       -0.470839
11700        10089         0.862308       -0.213725
11750        8491         0.722638       -0.468654
11800        8599         0.728729       -0.456546
11850        8631         0.728354       -0.457287
11900        8644         0.726387       -0.461191
11950        8686         0.726862       -0.460247
12000        8665         0.722083       -0.469763
12050        8695         0.721577       -0.470775
12100        8734         0.721818       -0.470293
12150        8802         0.724444       -0.465053
12200        8811         0.722213       -0.469503
12250        8839         0.721551       -0.470827
12300        8881         0.722033       -0.469864
12350        8929         0.722996       -0.467941
12400        8948         0.721613       -0.470703
12450        9109         0.731647       -0.450781
12500        9072         0.72576       -0.462436
12550        9061         0.721992       -0.469945
12600        9097         0.721984       -0.469961
12650        9152         0.723478       -0.466978
12700        9227         0.726535       -0.460895
12750        9205         0.721961       -0.470008
12800        9235         0.721484       -0.47096
12850        10940         0.851362       -0.232156
12900        9335         0.723643       -0.466649
12950        9351         0.722085       -0.46976
13000        9550         0.734615       -0.444939
13050        9472         0.725824       -0.462309
13100        9515         0.726336       -0.461291
13150        9494         0.721977       -0.469975
13200        9525         0.721591       -0.470747
13250        9589         0.723698       -0.46654
13300        9602         0.721955       -0.470019
13350        9824         0.73588       -0.442457
13400        9736         0.726567       -0.460832
13450        9764         0.725948       -0.462062
13500        9899         0.733259       -0.447605
13550        9851         0.727011       -0.459951
13600        9821         0.722132       -0.469665
13650        9898         0.725128       -0.463692
13700        9884         0.72146       -0.471009
13750        9948         0.723491       -0.466953
13800        10077         0.730217       -0.453602
13850        9997         0.721805       -0.470319
13900        12923         0.929712       -0.105144
13950        10121         0.72552       -0.462913
14000        10732         0.766571       -0.383508
14050        10246         0.729253       -0.455509
14100        10224         0.725106       -0.463735
14150        10241         0.723746       -0.466445
14200        10245         0.721479       -0.470971
14250        10283         0.721614       -0.470701
14300        10942         0.765175       -0.386139
14350        11494         0.800976       -0.32017
14400        11614         0.806528       -0.310204
14450        10468         0.724429       -0.465084
14500        10465         0.721724       -0.470481
14550        11137         0.76543       -0.385658
14600        10573         0.724178       -0.465584
14650        10573         0.721706       -0.470516
14700        10638         0.723673       -0.466589
14750        10644         0.721627       -0.470675
14800        10706         0.723378       -0.467178
14850        10735         0.722896       -0.468141
14900        12507         0.839396       -0.252577
14950        10802         0.722542       -0.468847
15000        11440         0.762667       -0.390875
15050        11048         0.734086       -0.445978
15100        10944         0.724768       -0.464408
15150        10973         0.72429       -0.46536
15200        10993         0.723224       -0.467486
15250        11000         0.721311       -0.471306
15300        11066         0.723268       -0.467398
15350        11085         0.72215       -0.46963
15400        11131         0.722792       -0.468347
15450        11167         0.722783       -0.468365
15500        11817         0.762387       -0.391404
15550        11276         0.725145       -0.463659
15600        11278         0.722949       -0.468035
15650        11302         0.722173       -0.469585
15700        11348         0.722803       -0.468327
15750        11465         0.727937       -0.458115
15800        11403         0.721709       -0.470511
15850        13075         0.824921       -0.277672
15900        11479         0.72195       -0.47003
15950        11510         0.72163       -0.470669
16000        12221         0.763813       -0.38871
16050        11681         0.727788       -0.45841
16100        11639         0.722919       -0.468094
16150        11674         0.722848       -0.468235
16200        11714         0.723086       -0.46776
16250        11731         0.721908       -0.470114
16300        11855         0.727301       -0.459376
16350        11864         0.725627       -0.4627
16400        12433         0.75811       -0.399521
16450        11894         0.72304       -0.467854
16500        11928         0.722909       -0.468114
16550        12368         0.747311       -0.420219
16600        12257         0.738373       -0.437577
16650        12119         0.727868       -0.458252
16700        12098         0.724431       -0.46508
16750        12079         0.721134       -0.47166
16800        13789         0.820774       -0.284943
16850        12852         0.76273       -0.390756
16900        12225         0.723373       -0.467189
16950        12299         0.725605       -0.462744
17000        12419         0.730529       -0.452986
17050        12333         0.723343       -0.467248
17100        12342         0.721754       -0.47042
17150        12396         0.722799       -0.468334
17200        12406         0.721279       -0.471371
17250        12440         0.721159       -0.47161
17300        13086         0.756416       -0.402748
17350        12729         0.73366       -0.446817
17400        12578         0.722874       -0.468185
17450        12588         0.721375       -0.471178
17500        12651         0.722914       -0.468103
17550        12720         0.724786       -0.464372
17600        12693         0.721193       -0.471542
17650        12785         0.724363       -0.465216
17700        15061         0.850904       -0.232932
17750        12927         0.728282       -0.457432
17800        12945         0.727247       -0.459482
17850        12929         0.724314       -0.465313
17900        13070         0.730168       -0.4537
17950        12970         0.722563       -0.468805
18000        13008         0.722667       -0.468598
18050        13015         0.721053       -0.471824
18100        13685         0.756077       -0.403394
18150        13180         0.726171       -0.461619
18200        13150         0.722527       -0.468876
18250        13165         0.72137       -0.471189
18300        13352         0.729617       -0.454788
18350        13354         0.727738       -0.458508
18400        13338         0.724891       -0.464163
18450        14846         0.804661       -0.313547
18500        14170         0.765946       -0.384686
18550        13409         0.722857       -0.468218
18600        15232         0.818925       -0.288197
18650        13471         0.722306       -0.469319
18700        13532         0.723636       -0.466663
18750        13524         0.72128       -0.471369
18800        13880         0.738298       -0.437725
18850        14235         0.755172       -0.405122
18900        13747         0.727354       -0.459269
18950        13728         0.724433       -0.465076
19000        13730         0.722632       -0.468668
19050        13737         0.721102       -0.471724
19100        13811         0.723089       -0.467755
19150        13863         0.723916       -0.466105
19200        13976         0.727917       -0.458155
19250        14590         0.757922       -0.399879
19300        13953         0.722953       -0.468026
19350        14077         0.727494       -0.458994
19400        14086         0.726082       -0.461795
19450        14050         0.722365       -0.4692
19500        15972         0.819077       -0.287929
19550        14182         0.725422       -0.463108
19600        14137         0.721276       -0.471378
19650        14802         0.753282       -0.408737
19700        14261         0.723909       -0.46612
19750        14270         0.722532       -0.468867
19800        14281         0.721263       -0.471403
19850        14342         0.722519       -0.468893
19900        14374         0.722312       -0.469307
19950        14441         0.72386       -0.466218
20000        14423         0.72115       -0.471629
20050        15103         0.753267       -0.408767
20100        14653         0.729005       -0.455999
20150        14636         0.726352       -0.461259
20200        14640         0.724752       -0.46444
20250        14650         0.723457       -0.467021
20300        14739         0.726059       -0.461841
20350        16353         0.803587       -0.315473
20400        15383         0.754069       -0.407232
20450        14804         0.723912       -0.466114
20500        14787         0.721317       -0.471295
20550        14849         0.722579       -0.468773
20600        14880         0.72233       -0.46927
20650        14894         0.721259       -0.471411
20700        14925         0.721014       -0.4719
20750        15624         0.752964       -0.409347
20800        15054         0.72375       -0.466437
20850        15275         0.732614       -0.448875
20900        15259         0.730096       -0.453843
20950        15169         0.724057       -0.465824
21000        15181         0.722905       -0.468123
21050        15763         0.748836       -0.417278
21100        15275         0.723934       -0.466071
21150        15280         0.722459       -0.469013
21200        17129         0.807972       -0.307623
21250        15554         0.731953       -0.450177
21300        15394         0.722723       -0.468485
21350        15392         0.720937       -0.472055
21400        16052         0.750093       -0.414858
21450        15554         0.725128       -0.463692
21500        15531         0.722372       -0.469186
21550        15554         0.721763       -0.470402
21600        15611         0.722731       -0.468468
21650        15616         0.721293       -0.471342
21700        15650         0.721198       -0.471532
21750        15970         0.734253       -0.445651
21800        16524         0.757982       -0.399765
21850        17575         0.804348       -0.314109
21900        17563         0.801963       -0.318392
21950        15859         0.722506       -0.468919
22000        15907         0.723045       -0.467842
22050        17596         0.798005       -0.325531
22100        16120         0.729412       -0.455195
22150        16016         0.72307       -0.467793
22200        16058         0.723333       -0.467267
22250        16205         0.728315       -0.457366
22300        16165         0.724888       -0.46417
22350        16119         0.721208       -0.471513
22400        16153         0.721116       -0.471697
22450        16397         0.730379       -0.453284
22500        17331         0.770267       -0.37657
22550        16328         0.72408       -0.465779
22600        16350         0.723451       -0.467032
22650        16359         0.722252       -0.469426
22700        16373         0.721278       -0.471374
22750        16797         0.73833       -0.437663
22800        16945         0.743202       -0.428174
22850        16620         0.727352       -0.459274
22900        18159         0.792969       -0.334663
22950        16573         0.722135       -0.469659
23000        16587         0.721174       -0.471581
23050        16819         0.729675       -0.454675
23100        16949         0.733723       -0.446693
23150        16821         0.726609       -0.460749
23200        16753         0.722112       -0.469705
23250        16761         0.720903       -0.472122
23300        16993         0.729313       -0.455389
23350        16901         0.723812       -0.466314
23400        16909         0.722607       -0.468717
23450        17107         0.72951       -0.455001
23500        17049         0.725489       -0.462974
23550        16987         0.721316       -0.471296
23600        17078         0.723644       -0.466648
23650        17052         0.721015       -0.471899
23700        18920         0.798312       -0.324975
23750        17261         0.726779       -0.460411
23800        17271         0.725672       -0.46261
23850        17196         0.721006       -0.471916
23900        17284         0.72318       -0.467573
23950        17301         0.72238       -0.46917
24000        17327         0.721958       -0.470013
24050        17461         0.726029       -0.461901
24100        17490         0.725726       -0.462503
24150        17447         0.722443       -0.469044
24200        17497         0.723017       -0.467899
24250        17491         0.721278       -0.471372
24300        17521         0.721029       -0.471871
24350        17699         0.726858       -0.460254
24400        17679         0.724549       -0.464844
24450        17872         0.730961       -0.452133
24500        19688         0.803592       -0.315465
24550        17851         0.727128       -0.459718
24600        17744         0.721301       -0.471327
24650        18209         0.738702       -0.436936
24700        18198         0.736761       -0.440731
24750        19823         0.800929       -0.320253
24800        18641         0.751653       -0.411861
24850        17922         0.721207       -0.471514
24900        17950         0.720884       -0.472162
24950        18177         0.728537       -0.456926
